<html>
<head><meta charset="utf-8" /></head>
<body>
    <div>                        <script type="text/javascript">window.PlotlyConfig = {MathJaxConfig: 'local'};</script>
        <script src="https://cdn.plot.ly/plotly-latest.min.js"></script>                <div id="69c3cead-e2e0-4514-b18f-bc4dd134592e" class="plotly-graph-div" style="height:700px; width:700px;"></div>            <script type="text/javascript">                                    window.PLOTLYENV=window.PLOTLYENV || {};                                    if (document.getElementById("69c3cead-e2e0-4514-b18f-bc4dd134592e")) {                    Plotly.newPlot(                        "69c3cead-e2e0-4514-b18f-bc4dd134592e",                        [{"coloraxis": "coloraxis", "hovertemplate": "x: %{x}<br>y: %{y}<br>color: %{z}<extra></extra>", "type": "heatmap", "x": ["Rainfall", "Soil Moisture", "Slope", "Profile Curvature", "Plan Curvature", "Max Elevation", "Elevation (STD)", "Northness", "Eastness", "Distance To River", "River Incision", "Stream Power Index", "Distane to Fault", "Distane to Active Fault", "Dip Northness", "Dip Eastness", "Dip Angle", "Slope and Bedding Alignment", "Whanganui Sediments", "Forest Cover", "Quaternary Sediments", "Late Pliestocene Sandstone", "Late Pliestocene Mudstone", "Mid Pliestocene Sandstone", "Early Pliestocene Mudstone", "Late Pliestocene Limestone"], "y": ["Rainfall", "Soil Moisture", "Slope", "Profile Curvature", "Plan Curvature", "Max Elevation", "Elevation (STD)", "Northness", "Eastness", "Distance To River", "River Incision", "Stream Power Index", "Distane to Fault", "Distane to Active Fault", "Dip Northness", "Dip Eastness", "Dip Angle", "Slope and Bedding Alignment", "Whanganui Sediments", "Forest Cover", "Quaternary Sediments", "Late Pliestocene Sandstone", "Late Pliestocene Mudstone", "Mid Pliestocene Sandstone", "Early Pliestocene Mudstone", "Late Pliestocene Limestone"], "z": [[1.0, -0.7967642336916817, 0.3942933146904905, -0.03419421914970704, -0.018398981225836507, 0.35527073758551897, 0.3482875742092739, -0.11251020722595327, -0.02619562221056167, 0.0008920668757899548, 0.3225839099357512, 0.0034599240242926626, 0.021467284808802, -0.03772876488710086, 0.21860977622864658, 0.19277600155927738, -0.014496175454669302, -0.35209409872806413, -0.04268335348301747, 0.3022527986061344, -0.31966592621766443, -0.21365011278388713, -0.16530136001982748, 0.2094276030590003, 0.38316940449001374, -0.026343358806289265], [-0.7967642336916817, 1.0, -0.3286264320180891, 0.013514287434332134, 0.0334506975692103, -0.3365223131323488, -0.3230931731856145, 0.08600184595971833, 0.03345362376944177, -0.03723066173623905, -0.3061618704216079, 0.008844733242858708, 0.029953989469837808, 0.1363416085370574, -0.22694405696187092, -0.14647560012105426, 0.0853061954635512, 0.2565445869292736, -0.07367576627470274, -0.21004583686117298, 0.516581005473342, 0.10972538117442125, 0.1757362027457165, -0.18362368794677106, -0.5254996307231756, 0.03144399449909212], [0.3942933146904905, -0.3286264320180891, 1.0, 0.015961336249862533, -0.054598553255031795, 0.3925433948329254, 0.499190550850752, -0.11327404060378489, 0.13712021508975825, 0.11004302806591813, 0.44022910137001875, 0.05660316315243583, 0.24152881835088771, 0.30917966082627585, 0.05529170419952769, 0.13557214080115895, -0.10345784826208361, -0.772929494255932, 0.1322772408766395, 0.4775595981472449, -0.3807008286921322, 0.14592406944593314, 0.09618578032505634, 0.2696057357722901, 0.024211378608820392, 0.024704435599777683], [-0.03419421914970704, 0.013514287434332134, 0.015961336249862533, 1.0, -0.5133876280606556, 0.05741771947161753, 0.06211634996400777, 0.06117498224769831, 0.022271716699032714, 0.396294083080399, -0.45125649409472274, -0.03474808229141739, -0.021267923387259264, -0.012956734462180344, 0.018754323575511923, -0.013552874744269534, 0.049530626672848986, -0.03125382316515562, 0.010255598914207303, 0.03571529219338478, -0.01649862647682597, 0.06970499177354567, 0.06375106330870205, -0.043022442493839394, -0.04106804798282319, -0.020065752732722857], [-0.018398981225836507, 0.0334506975692103, -0.054598553255031795, -0.5133876280606556, 1.0, -0.07446663323601824, -0.06450196588892783, -0.031107346116219434, 0.01959933486130707, -0.18270542629588168, 0.1949820097219736, 0.042735278491384934, -0.0013996172181241562, -0.021731761864645042, -0.0019081361859279338, -0.01884454801500399, -0.01666890968361069, 0.044949097282577684, -0.035767351280227566, -0.05222621984186168, 0.033012567742864395, -0.021749770556497593, -0.03775981573652483, 0.015715948158609386, -0.014889977868545557, -0.012445267639010814], [0.35527073758551897, -0.3365223131323488, 0.3925433948329254, 0.05741771947161753, -0.07446663323601824, 1.0, 0.9485423277712741, -0.06663332922154927, 0.08059313593923163, -0.2292039282312145, 0.35626053313849515, 0.051875967804112154, 0.19474769298838757, 0.1954290373964427, 0.06308324648327884, 0.10098517689616944, -0.0019142851166124928, -0.35184785822212816, 0.034643440085825705, 0.1431839749971381, -0.4085600437659222, 0.15926442021149462, 0.027823613617896155, 0.10900265897550666, 0.15122598516409783, -0.0039318327293568715], [0.3482875742092739, -0.3230931731856145, 0.499190550850752, 0.06211634996400777, -0.06450196588892783, 0.9485423277712741, 1.0, -0.07033610633089267, 0.11601708132535817, -0.20643035654439207, 0.39811060566124534, 0.07449086993005927, 0.19110854378926154, 0.21305898324011688, 0.07804226810515569, 0.08644931679199697, -0.016663923806066034, -0.4380090141024808, 0.00576673957461174, 0.18080126039431527, -0.41230667702708873, 0.1558875598012603, 0.037102091069039576, 0.1223901369148979, 0.13535233467915309, 0.00679124399153527], [-0.11251020722595327, 0.08600184595971833, -0.11327404060378489, 0.06117498224769831, -0.031107346116219434, -0.06663332922154927, -0.07033610633089267, 1.0, -0.0013823479619585323, -0.016957971206686705, -0.08317127553347178, -0.02198026860274005, -0.022027343978835642, 0.013064947830357278, 0.04029599605336603, -0.015891195957936977, 0.08189162735267336, 0.08932223355644807, -0.010539838443755039, -0.06888957033649419, 0.07004479065996924, 0.06399623551705691, 0.031245259939753106, -0.04152359782943465, -0.10443130259811736, -0.02002847423405716], [-0.02619562221056167, 0.03345362376944177, 0.13712021508975825, 0.022271716699032714, 0.01959933486130707, 0.08059313593923163, 0.11601708132535817, -0.0013823479619585323, 1.0, 0.00909564503126188, 0.0344300058092021, 0.01866260009024833, -0.025736418550503636, 0.025656479585347707, -0.037955269401922544, -0.03150210922439445, -0.007835225881521841, -0.28941692881678316, -0.0395952212926582, -0.026301567277496246, -0.03792406860408343, 0.029414837712418235, 0.01721441405887821, 0.036862726379461155, -0.037433928030455386, 0.008372176499152326], [0.0008920668757899548, -0.03723066173623905, 0.11004302806591813, 0.396294083080399, -0.18270542629588168, -0.2292039282312145, -0.20643035654439207, -0.016957971206686705, 0.00909564503126188, 1.0, -0.25052005116818293, -0.029596258850715217, -0.03884919263396508, -0.026459589453336017, 0.050440361349164055, 0.05458193514767381, 0.008902870793135068, -0.07932887588071955, 0.08223125583147216, 0.08891317626061813, -0.03722311399199158, 0.05197247307880748, 0.08554170119035777, 0.05584702296598108, -0.064218011096811, -0.022616053961031855], [0.3225839099357512, -0.3061618704216079, 0.44022910137001875, -0.45125649409472274, 0.1949820097219736, 0.35626053313849515, 0.39811060566124534, -0.08317127553347178, 0.0344300058092021, -0.25052005116818293, 1.0, 0.19468269095576443, 0.24167458695420233, 0.25081218320895954, 0.10376660364796658, 0.11123601200143884, -0.033917540320800355, -0.3542735069088628, 0.00024729188056490215, 0.1647068554601598, -0.33162451597106196, 0.09454767788052386, -0.025284632302311802, 0.12205413596056941, 0.14131134199119605, -0.028577878084437656], [0.0034599240242926626, 0.008844733242858708, 0.05660316315243583, -0.03474808229141739, 0.042735278491384934, 0.051875967804112154, 0.07449086993005927, -0.02198026860274005, 0.01866260009024833, -0.029596258850715217, 0.19468269095576443, 1.0, 0.04732648787543551, 0.1136231979361858, 0.014528107873264405, 0.05312138145677608, -0.03605204914150963, -0.03572094235417753, -0.14363822522626377, 0.011497179065681536, -0.08001430433105026, 0.060774598924617736, -0.012149248627155275, -0.02368028260560131, -0.0023872141514174063, -0.006350244057957522], [0.021467284808802, 0.029953989469837808, 0.24152881835088771, -0.021267923387259264, -0.0013996172181241562, 0.19474769298838757, 0.19110854378926154, -0.022027343978835642, -0.025736418550503636, -0.03884919263396508, 0.24167458695420233, 0.04732648787543551, 1.0, 0.35203436930732396, -0.17602233002742515, -0.03110676839406539, 0.004956952301053438, -0.1453014033939755, 0.05784565410484233, 0.15124807816736796, -0.016495859323900432, 0.07907598330250978, 0.22353163144677976, -0.116031454291054, -0.05733683637138058, 0.0025437167375459767], [-0.03772876488710086, 0.1363416085370574, 0.30917966082627585, -0.012956734462180344, -0.021731761864645042, 0.1954290373964427, 0.21305898324011688, 0.013064947830357278, 0.025656479585347707, -0.026459589453336017, 0.25081218320895954, 0.1136231979361858, 0.35203436930732396, 1.0, -0.15060705630886542, 0.023986333939120738, -0.012824737896305836, -0.23444494085375547, 0.01200922609175233, 0.18116134633039166, -0.034336181550396576, 0.33711840192295284, 0.13434647753964957, -0.15169393508750914, -0.2100806154905831, -0.012621220799626118], [0.21860977622864658, -0.22694405696187092, 0.05529170419952769, 0.018754323575511923, -0.0019081361859279338, 0.06308324648327884, 0.07804226810515569, 0.04029599605336603, -0.037955269401922544, 0.050440361349164055, 0.10376660364796658, 0.014528107873264405, -0.17602233002742515, -0.15060705630886542, 1.0, 0.14853782671257604, 0.1446504093149385, -0.18232591187575797, -0.05531412352131778, 0.03958053391550686, -0.1067275412144676, -0.19040732942899735, 0.05843700884477247, 0.13856102465269218, 0.12284451327479719, -0.04337705528356127], [0.19277600155927738, -0.14647560012105426, 0.13557214080115895, -0.013552874744269534, -0.01884454801500399, 0.10098517689616944, 0.08644931679199697, -0.015891195957936977, -0.03150210922439445, 0.05458193514767381, 0.11123601200143884, 0.05312138145677608, -0.03110676839406539, 0.023986333939120738, 0.14853782671257604, 1.0, 0.09245975868870941, -0.21752892814853567, -0.012477009404861223, 0.12596490077903844, -0.138473950253703, 0.00014172809564345345, 0.11144918991934075, 0.1491759996477215, -0.029810923264380285, 0.01964079066997058], [-0.014496175454669302, 0.0853061954635512, -0.10345784826208361, 0.049530626672848986, -0.01666890968361069, -0.0019142851166124928, -0.016663923806066034, 0.08189162735267336, -0.007835225881521841, 0.008902870793135068, -0.033917540320800355, -0.03605204914150963, 0.004956952301053438, -0.012824737896305836, 0.1446504093149385, 0.09245975868870941, 1.0, -0.37575087450393924, -0.08697651906475136, -0.09090344610784751, 0.06021316774759566, 0.0989381837260274, 0.24428514097591028, -0.0605425047129648, -0.22759068110673053, -0.005405788508325389], [-0.35209409872806413, 0.2565445869292736, -0.772929494255932, -0.03125382316515562, 0.044949097282577684, -0.35184785822212816, -0.4380090141024808, 0.08932223355644807, -0.28941692881678316, -0.07932887588071955, -0.3542735069088628, -0.03572094235417753, -0.1453014033939755, -0.23444494085375547, -0.18232591187575797, -0.21752892814853567, -0.37575087450393924, 1.0, -0.008132298147608259, -0.3812856068015513, 0.2934730449266221, -0.08681033922257171, -0.19856818700492065, -0.21739779238732243, 0.047598560046182986, -0.023606312571908244], [-0.04268335348301747, -0.07367576627470274, 0.1322772408766395, 0.010255598914207303, -0.035767351280227566, 0.034643440085825705, 0.00576673957461174, -0.010539838443755039, -0.0395952212926582, 0.08223125583147216, 0.00024729188056490215, -0.14363822522626377, 0.05784565410484233, 0.01200922609175233, -0.05531412352131778, -0.012477009404861223, -0.08697651906475136, -0.008132298147608259, 1.0, 0.020808615523656555, 0.001673623642318626, 0.1138404705009766, 0.03136353328624835, 0.06423028231514985, 0.13340648703307822, -0.2389248784532449], [0.3022527986061344, -0.21004583686117298, 0.4775595981472449, 0.03571529219338478, -0.05222621984186168, 0.1431839749971381, 0.18080126039431527, -0.06888957033649419, -0.026301567277496246, 0.08891317626061813, 0.1647068554601598, 0.011497179065681536, 0.15124807816736796, 0.18116134633039166, 0.03958053391550686, 0.12596490077903844, -0.09090344610784751, -0.3812856068015513, 0.020808615523656555, 1.0, -0.18377948278897627, -0.026015220891564977, 0.021562999279638517, 0.20694673799848526, 0.040101692552242316, -0.002648462570758925], [-0.31966592621766443, 0.516581005473342, -0.3807008286921322, -0.01649862647682597, 0.033012567742864395, -0.4085600437659222, -0.41230667702708873, 0.07004479065996924, -0.03792406860408343, -0.03722311399199158, -0.33162451597106196, -0.08001430433105026, -0.016495859323900432, -0.034336181550396576, -0.1067275412144676, -0.138473950253703, 0.06021316774759566, 0.2934730449266221, 0.001673623642318626, -0.18377948278897627, 1.0, -0.2914589471151073, -0.12644901285617455, -0.23208378972823066, -0.4214301401529823, -0.004191455126895527], [-0.21365011278388713, 0.10972538117442125, 0.14592406944593314, 0.06970499177354567, -0.021749770556497593, 0.15926442021149462, 0.1558875598012603, 0.06399623551705691, 0.029414837712418235, 0.05197247307880748, 0.09454767788052386, 0.060774598924617736, 0.07907598330250978, 0.33711840192295284, -0.19040732942899735, 0.00014172809564345345, 0.0989381837260274, -0.08681033922257171, 0.1138404705009766, -0.026015220891564977, -0.2914589471151073, 1.0, -0.10119665621401129, -0.18792605156186035, -0.3886178783316307, 0.018597260056169407], [-0.16530136001982748, 0.1757362027457165, 0.09618578032505634, 0.06375106330870205, -0.03775981573652483, 0.027823613617896155, 0.037102091069039576, 0.031245259939753106, 0.01721441405887821, 0.08554170119035777, -0.025284632302311802, -0.012149248627155275, 0.22353163144677976, 0.13434647753964957, 0.05843700884477247, 0.11144918991934075, 0.24428514097591028, -0.19856818700492065, 0.03136353328624835, 0.021562999279638517, -0.12644901285617455, -0.10119665621401129, 1.0, -0.0892840929974604, -0.1763793164177591, -0.017221762755983597], [0.2094276030590003, -0.18362368794677106, 0.2696057357722901, -0.043022442493839394, 0.015715948158609386, 0.10900265897550666, 0.1223901369148979, -0.04152359782943465, 0.036862726379461155, 0.05584702296598108, 0.12205413596056941, -0.02368028260560131, -0.116031454291054, -0.15169393508750914, 0.13856102465269218, 0.1491759996477215, -0.0605425047129648, -0.21739779238732243, 0.06423028231514985, 0.20694673799848526, -0.23208378972823066, -0.18792605156186035, -0.0892840929974604, 1.0, -0.2587346399606169, -0.029074032350894632], [0.38316940449001374, -0.5254996307231756, 0.024211378608820392, -0.04106804798282319, -0.014889977868545557, 0.15122598516409783, 0.13535233467915309, -0.10443130259811736, -0.037433928030455386, -0.064218011096811, 0.14131134199119605, -0.0023872141514174063, -0.05733683637138058, -0.2100806154905831, 0.12284451327479719, -0.029810923264380285, -0.22759068110673053, 0.047598560046182986, 0.13340648703307822, 0.040101692552242316, -0.4214301401529823, -0.3886178783316307, -0.1763793164177591, -0.2587346399606169, 1.0, -0.055796161349244144], [-0.026343358806289265, 0.03144399449909212, 0.024704435599777683, -0.020065752732722857, -0.012445267639010814, -0.0039318327293568715, 0.00679124399153527, -0.02002847423405716, 0.008372176499152326, -0.022616053961031855, -0.028577878084437656, -0.006350244057957522, 0.0025437167375459767, -0.012621220799626118, -0.04337705528356127, 0.01964079066997058, -0.005405788508325389, -0.023606312571908244, -0.2389248784532449, -0.002648462570758925, -0.004191455126895527, 0.018597260056169407, -0.017221762755983597, -0.029074032350894632, -0.055796161349244144, 1.0]]}],                        {"coloraxis": {"colorscale": [[0.0, "rgb(103,0,31)"], [0.1, "rgb(178,24,43)"], [0.2, "rgb(214,96,77)"], [0.3, "rgb(244,165,130)"], [0.4, "rgb(253,219,199)"], [0.5, "rgb(247,247,247)"], [0.6, "rgb(209,229,240)"], [0.7, "rgb(146,197,222)"], [0.8, "rgb(67,147,195)"], [0.9, "rgb(33,102,172)"], [1.0, "rgb(5,48,97)"]]}, "height": 700, "margin": {"t": 60}, "template": {"data": {"bar": [{"error_x": {"color": "rgb(36,36,36)"}, "error_y": {"color": "rgb(36,36,36)"}, "marker": {"line": {"color": "white", "width": 0.5}}, "type": "bar"}], "barpolar": [{"marker": {"line": {"color": "white", "width": 0.5}}, "type": "barpolar"}], "carpet": [{"aaxis": {"endlinecolor": "rgb(36,36,36)", "gridcolor": "white", "linecolor": "white", "minorgridcolor": "white", "startlinecolor": "rgb(36,36,36)"}, "baxis": {"endlinecolor": "rgb(36,36,36)", "gridcolor": "white", "linecolor": "white", "minorgridcolor": "white", "startlinecolor": "rgb(36,36,36)"}, "type": "carpet"}], "choropleth": [{"colorbar": {"outlinewidth": 1, "tickcolor": "rgb(36,36,36)", "ticks": "outside"}, "type": "choropleth"}], "contour": [{"colorbar": {"outlinewidth": 1, "tickcolor": "rgb(36,36,36)", "ticks": "outside"}, "colorscale": [[0.0, "#440154"], [0.1111111111111111, "#482878"], [0.2222222222222222, "#3e4989"], [0.3333333333333333, "#31688e"], [0.4444444444444444, "#26828e"], [0.5555555555555556, "#1f9e89"], [0.6666666666666666, "#35b779"], [0.7777777777777778, "#6ece58"], [0.8888888888888888, "#b5de2b"], [1.0, "#fde725"]], "type": "contour"}], "contourcarpet": [{"colorbar": {"outlinewidth": 1, "tickcolor": "rgb(36,36,36)", "ticks": "outside"}, "type": "contourcarpet"}], "heatmap": [{"colorbar": {"outlinewidth": 1, "tickcolor": "rgb(36,36,36)", "ticks": "outside"}, "colorscale": [[0.0, "#440154"], [0.1111111111111111, "#482878"], [0.2222222222222222, "#3e4989"], [0.3333333333333333, "#31688e"], [0.4444444444444444, "#26828e"], [0.5555555555555556, "#1f9e89"], [0.6666666666666666, "#35b779"], [0.7777777777777778, "#6ece58"], [0.8888888888888888, "#b5de2b"], [1.0, "#fde725"]], "type": "heatmap"}], "heatmapgl": [{"colorbar": {"outlinewidth": 1, "tickcolor": "rgb(36,36,36)", "ticks": "outside"}, "colorscale": [[0.0, "#440154"], [0.1111111111111111, "#482878"], [0.2222222222222222, "#3e4989"], [0.3333333333333333, "#31688e"], [0.4444444444444444, "#26828e"], [0.5555555555555556, "#1f9e89"], [0.6666666666666666, "#35b779"], [0.7777777777777778, "#6ece58"], [0.8888888888888888, "#b5de2b"], [1.0, "#fde725"]], "type": "heatmapgl"}], "histogram": [{"marker": {"line": {"color": "white", "width": 0.6}}, "type": "histogram"}], "histogram2d": [{"colorbar": {"outlinewidth": 1, "tickcolor": "rgb(36,36,36)", "ticks": "outside"}, "colorscale": [[0.0, "#440154"], [0.1111111111111111, "#482878"], [0.2222222222222222, "#3e4989"], [0.3333333333333333, "#31688e"], [0.4444444444444444, "#26828e"], [0.5555555555555556, "#1f9e89"], [0.6666666666666666, "#35b779"], [0.7777777777777778, "#6ece58"], [0.8888888888888888, "#b5de2b"], [1.0, "#fde725"]], "type": "histogram2d"}], "histogram2dcontour": [{"colorbar": {"outlinewidth": 1, "tickcolor": "rgb(36,36,36)", "ticks": "outside"}, "colorscale": [[0.0, "#440154"], [0.1111111111111111, "#482878"], [0.2222222222222222, "#3e4989"], [0.3333333333333333, "#31688e"], [0.4444444444444444, "#26828e"], [0.5555555555555556, "#1f9e89"], [0.6666666666666666, "#35b779"], [0.7777777777777778, "#6ece58"], [0.8888888888888888, "#b5de2b"], [1.0, "#fde725"]], "type": "histogram2dcontour"}], "mesh3d": [{"colorbar": {"outlinewidth": 1, "tickcolor": "rgb(36,36,36)", "ticks": "outside"}, "type": "mesh3d"}], "parcoords": [{"line": {"colorbar": {"outlinewidth": 1, "tickcolor": "rgb(36,36,36)", "ticks": "outside"}}, "type": "parcoords"}], "pie": [{"automargin": true, "type": "pie"}], "scatter": [{"marker": {"colorbar": {"outlinewidth": 1, "tickcolor": "rgb(36,36,36)", "ticks": "outside"}}, "type": "scatter"}], "scatter3d": [{"line": {"colorbar": {"outlinewidth": 1, "tickcolor": "rgb(36,36,36)", "ticks": "outside"}}, "marker": {"colorbar": {"outlinewidth": 1, "tickcolor": "rgb(36,36,36)", "ticks": "outside"}}, "type": "scatter3d"}], "scattercarpet": [{"marker": {"colorbar": {"outlinewidth": 1, "tickcolor": "rgb(36,36,36)", "ticks": "outside"}}, "type": "scattercarpet"}], "scattergeo": [{"marker": {"colorbar": {"outlinewidth": 1, "tickcolor": "rgb(36,36,36)", "ticks": "outside"}}, "type": "scattergeo"}], "scattergl": [{"marker": {"colorbar": {"outlinewidth": 1, "tickcolor": "rgb(36,36,36)", "ticks": "outside"}}, "type": "scattergl"}], "scattermapbox": [{"marker": {"colorbar": {"outlinewidth": 1, "tickcolor": "rgb(36,36,36)", "ticks": "outside"}}, "type": "scattermapbox"}], "scatterpolar": [{"marker": {"colorbar": {"outlinewidth": 1, "tickcolor": "rgb(36,36,36)", "ticks": "outside"}}, "type": "scatterpolar"}], "scatterpolargl": [{"marker": {"colorbar": {"outlinewidth": 1, "tickcolor": "rgb(36,36,36)", "ticks": "outside"}}, "type": "scatterpolargl"}], "scatterternary": [{"marker": {"colorbar": {"outlinewidth": 1, "tickcolor": "rgb(36,36,36)", "ticks": "outside"}}, "type": "scatterternary"}], "surface": [{"colorbar": {"outlinewidth": 1, "tickcolor": "rgb(36,36,36)", "ticks": "outside"}, "colorscale": [[0.0, "#440154"], [0.1111111111111111, "#482878"], [0.2222222222222222, "#3e4989"], [0.3333333333333333, "#31688e"], [0.4444444444444444, "#26828e"], [0.5555555555555556, "#1f9e89"], [0.6666666666666666, "#35b779"], [0.7777777777777778, "#6ece58"], [0.8888888888888888, "#b5de2b"], [1.0, "#fde725"]], "type": "surface"}], "table": [{"cells": {"fill": {"color": "rgb(237,237,237)"}, "line": {"color": "white"}}, "header": {"fill": {"color": "rgb(217,217,217)"}, "line": {"color": "white"}}, "type": "table"}]}, "layout": {"annotationdefaults": {"arrowhead": 0, "arrowwidth": 1}, "coloraxis": {"colorbar": {"outlinewidth": 1, "tickcolor": "rgb(36,36,36)", "ticks": "outside"}}, "colorscale": {"diverging": [[0.0, "rgb(103,0,31)"], [0.1, "rgb(178,24,43)"], [0.2, "rgb(214,96,77)"], [0.3, "rgb(244,165,130)"], [0.4, "rgb(253,219,199)"], [0.5, "rgb(247,247,247)"], [0.6, "rgb(209,229,240)"], [0.7, "rgb(146,197,222)"], [0.8, "rgb(67,147,195)"], [0.9, "rgb(33,102,172)"], [1.0, "rgb(5,48,97)"]], "sequential": [[0.0, "#440154"], [0.1111111111111111, "#482878"], [0.2222222222222222, "#3e4989"], [0.3333333333333333, "#31688e"], [0.4444444444444444, "#26828e"], [0.5555555555555556, "#1f9e89"], [0.6666666666666666, "#35b779"], [0.7777777777777778, "#6ece58"], [0.8888888888888888, "#b5de2b"], [1.0, "#fde725"]], "sequentialminus": [[0.0, "#440154"], [0.1111111111111111, "#482878"], [0.2222222222222222, "#3e4989"], [0.3333333333333333, "#31688e"], [0.4444444444444444, "#26828e"], [0.5555555555555556, "#1f9e89"], [0.6666666666666666, "#35b779"], [0.7777777777777778, "#6ece58"], [0.8888888888888888, "#b5de2b"], [1.0, "#fde725"]]}, "colorway": ["#1F77B4", "#FF7F0E", "#2CA02C", "#D62728", "#9467BD", "#8C564B", "#E377C2", "#7F7F7F", "#BCBD22", "#17BECF"], "font": {"color": "rgb(36,36,36)"}, "geo": {"bgcolor": "white", "lakecolor": "white", "landcolor": "white", "showlakes": true, "showland": true, "subunitcolor": "white"}, "hoverlabel": {"align": "left"}, "hovermode": "closest", "mapbox": {"style": "light"}, "paper_bgcolor": "white", "plot_bgcolor": "white", "polar": {"angularaxis": {"gridcolor": "rgb(232,232,232)", "linecolor": "rgb(36,36,36)", "showgrid": false, "showline": true, "ticks": "outside"}, "bgcolor": "white", "radialaxis": {"gridcolor": "rgb(232,232,232)", "linecolor": "rgb(36,36,36)", "showgrid": false, "showline": true, "ticks": "outside"}}, "scene": {"xaxis": {"backgroundcolor": "white", "gridcolor": "rgb(232,232,232)", "gridwidth": 2, "linecolor": "rgb(36,36,36)", "showbackground": true, "showgrid": false, "showline": true, "ticks": "outside", "zeroline": false, "zerolinecolor": "rgb(36,36,36)"}, "yaxis": {"backgroundcolor": "white", "gridcolor": "rgb(232,232,232)", "gridwidth": 2, "linecolor": "rgb(36,36,36)", "showbackground": true, "showgrid": false, "showline": true, "ticks": "outside", "zeroline": false, "zerolinecolor": "rgb(36,36,36)"}, "zaxis": {"backgroundcolor": "white", "gridcolor": "rgb(232,232,232)", "gridwidth": 2, "linecolor": "rgb(36,36,36)", "showbackground": true, "showgrid": false, "showline": true, "ticks": "outside", "zeroline": false, "zerolinecolor": "rgb(36,36,36)"}}, "shapedefaults": {"fillcolor": "black", "line": {"width": 0}, "opacity": 0.3}, "ternary": {"aaxis": {"gridcolor": "rgb(232,232,232)", "linecolor": "rgb(36,36,36)", "showgrid": false, "showline": true, "ticks": "outside"}, "baxis": {"gridcolor": "rgb(232,232,232)", "linecolor": "rgb(36,36,36)", "showgrid": false, "showline": true, "ticks": "outside"}, "bgcolor": "white", "caxis": {"gridcolor": "rgb(232,232,232)", "linecolor": "rgb(36,36,36)", "showgrid": false, "showline": true, "ticks": "outside"}}, "title": {"x": 0.05}, "xaxis": {"automargin": true, "gridcolor": "rgb(232,232,232)", "linecolor": "rgb(36,36,36)", "showgrid": false, "showline": true, "ticks": "outside", "title": {"standoff": 15}, "zeroline": false, "zerolinecolor": "rgb(36,36,36)"}, "yaxis": {"automargin": true, "gridcolor": "rgb(232,232,232)", "linecolor": "rgb(36,36,36)", "showgrid": false, "showline": true, "ticks": "outside", "title": {"standoff": 15}, "zeroline": false, "zerolinecolor": "rgb(36,36,36)"}}}, "width": 700, "xaxis": {"constrain": "domain", "scaleanchor": "y"}, "yaxis": {"autorange": "reversed", "constrain": "domain"}},                        {"responsive": true}                    )                };                            </script>        </div>
</body>
</html>